1721925849
1721926340
1721926848
1721927536
1721931495
1721934710
1721938552
1721981827
1721985266
1721988910
1721992387
1721996769
1721999797
1722003164
1722006885
1722010446
1722010671
1722011591
1722012313
1722012791
1722013603
1722013957
1722017901
1722021162
1722025005
1722096791
1722097844
1722098448
1722098931
1722099425
1722100348
1722140878
1722155231
1722180313
1722183229
1722184293
1722184948
1722185417
1722185904
1722186847
1722227360
1722241093
1722241830
1722244564
1722248182
1722251490
1722256059
1722259076
1722262407
1722266109
1722266875
1722269669
1722269908
1722270803
1722271432
1722271918
1722272415
1722273169
1722277117
1722280274
1722284093
1722313754
1722327477
1722328120
1722330892
1722334518
1722337965
1722342429
1722345415
1722348775
1722352495
1722353225
1722356051
1722356288
1722357212
1722357840
1722358328
1722358823
1722359536
1722363509
1722366704
1722370439
1722413800
1722417365
1722420700
1722424304
1722428876
1722431810
1722435179
1722438871
1722442406
1722442629
1722443533
1722444196
1722444682
1722445167
1722446078
1722449918
1722453112
1722456869
1722500284
1722503634
1722507347
1722510810
1722515246
1722518244
1722521615
1722525288
1722528847
1722529083
1722529982
1722530613
1722531116
1722531589
1722532424
1722536297
1722539445
1722543330
1722586652
1722590120
1722593696
1722597104
1722601614
1722604589
1722607978
1722611679
1722615210
1722615446
1722616445
1722617106
1722617593
1722618454
1722618792
1722622736
1722625900
1722629697
1722701600
1722702728
1722703339
1722703827
1722704311
1722705266
1722741865
1722745713
1722745883
1722748971
1722752955
1722755975
1722759875
1722760117
1722763435
1722767072
1722770309
1722785139
1722787910
1722788956
1722789565
1722790045
1722790541
1722791411
1722828306
1722831998
1722832181
1722835550
1722839513
1722842466
1722845906
1722846486
1722846640
1722849289
1722849863
1722852901
1722853595
1722856359
1722856784
1722860898
1722863865
1722867167
1722870891
1722871606
1722874408
1722874623
1722875547
1722876204
1722876691
1722877191
1722878001
1722881978
1722886360
1722888876
1722914714
1722918470
1722918639
1722921865
1722925938
1722928878
1722932246
1722932805
1722932964
1722935703
1722936241
1722939334
1722940043
1722942725
1722943149
1722947254
1722950270
1722953592
1722957354
1722958061
1722960817
1722961049
1722961940
1722962595
1722963099
1722963594
1722964440
1722968400
1722971479
1722975177
1723001115
1723004858
1723008248
1723012265
1723015241
1723018721
1723019200
1723022143
1723022669
1723025683
1723026377
1723029103
1723029509
1723033693
1723036698
1723039980
1723043671
1723047264
1723047509
1723048391
1723049151
1723049636
1723050539
1723050869
1723054737
1723057908
1723061704
1723087490
1723091331
1723094682
1723098712
1723101634
1723105087
1723105685
1723108508
1723109040
1723112088
1723112757
